0,1,2,3,4,5,6,7,8,9,10,11,12,13,14,label
6,0,0,0,0,0,0,0,7,0,1,0,0,1,0,0
2,1,3,1,0,0,1,0,4,0,1,1,0,0,0,0
0,0,0,1,1,0,3,0,0,0,0,0,0,2,0,1
8,0,1,3,0,0,1,0,0,1,2,0,0,0,2,1
22,0,4,3,2,2,3,2,4,1,0,1,0,1,0,1
4,0,0,2,1,1,2,0,0,0,1,0,0,1,0,0
0,0,0,0,0,0,0,0,0,0,0,0,0,0,0,1
0,0,0,0,0,0,0,0,0,1,0,0,0,0,0,1
0,1,2,0,1,0,1,0,2,0,3,0,0,0,1,0
4,0,0,1,3,0,4,0,6,1,0,0,0,1,2,0
0,0,0,0,0,0,0,0,0,0,1,0,0,0,0,1
4,1,0,8,1,0,1,0,5,0,1,0,0,0,0,0
0,1,0,1,0,0,1,0,1,0,2,0,3,1,1,1
0,0,0,2,0,0,2,0,2,0,1,0,0,0,1,0
0,0,0,1,0,0,0,0,0,0,2,0,1,0,0,1
8,0,1,1,0,0,0,0,8,0,1,0,2,0,1,0
4,1,1,0,0,1,1,0,5,0,0,0,0,1,1,0
10,0,0,0,0,1,0,0,3,0,2,0,0,1,0,0
0,0,0,2,1,2,1,0,1,3,2,0,0,2,0,0
10,0,0,0,0,1,1,0,0,0,1,0,1,1,0,1
0,1,1,0,0,0,1,2,5,2,2,0,1,2,1,0
8,0,2,3,1,1,0,0,3,1,1,0,0,0,2,0
0,1,1,3,1,0,0,0,0,1,0,0,1,3,0,0
10,0,1,1,0,2,1,0,2,0,2,0,0,1,0,0
2,0,0,0,0,0,0,0,0,0,1,1,0,0,0,1
0,0,0,0,1,0,0,1,0,0,0,0,0,0,0,1
4,3,1,0,0,0,4,1,0,1,1,2,0,0,1,0
2,1,0,1,0,0,0,0,0,0,2,0,0,1,0,0
0,0,0,0,0,0,0,0,2,0,1,0,0,0,0,1
0,0,0,0,0,2,2,0,2,0,0,0,0,0,0,0
4,0,0,6,1,2,2,0,1,2,1,1,0,2,1,1
6,0,0,0,0,0,0,1,4,0,0,1,1,0,0,0
8,7,5,11,0,1,3,1,0,3,4,0,0,2,2,1
0,0,0,1,1,0,0,0,1,0,3,0,0,1,0,1
14,7,0,1,3,2,4,2,2,2,2,1,7,1,1,0
0,0,0,0,0,2,0,1,4,1,1,0,0,1,0,1
2,0,0,7,0,0,0,2,0,0,1,1,0,0,1,1
0,0,0,0,0,0,3,1,1,1,1,0,0,0,1,1
8,0,0,3,0,0,0,0,0,1,0,3,4,0,0,1
2,1,0,3,1,0,0,0,0,0,0,0,0,0,1,1
8,2,0,2,2,2,0,2,0,1,1,0,0,1,0,1
4,0,2,1,0,2,1,0,0,0,4,0,0,2,0,0
8,4,0,5,0,0,3,0,2,2,2,0,2,2,3,0
4,0,0,0,1,0,0,0,0,0,2,0,0,0,0,0
0,0,0,4,0,2,0,0,1,0,1,0,1,2,0,1
0,0,0,3,0,0,1,1,1,0,2,0,0,0,0,1
0,0,1,0,0,0,0,0,1,0,0,0,2,0,0,1
0,0,1,0,1,1,0,0,3,0,2,0,0,0,0,0
0,1,0,0,0,1,0,0,3,1,0,0,0,0,1,1
0,0,0,0,0,0,0,0,1,0,1,0,0,0,0,1
0,0,0,0,0,0,0,0,2,0,0,0,1,1,0,0
8,2,0,2,0,1,1,0,1,0,0,0,0,0,3,1
22,4,1,14,0,0,0,1,1,0,2,0,0,0,1,0
4,1,2,1,0,0,4,1,2,0,0,0,0,3,0,0
10,3,0,0,0,0,4,1,2,0,0,0,0,0,0,0
2,0,0,1,0,1,0,0,0,1,0,1,0,0,0,1
4,1,1,18,1,0,4,0,0,0,2,3,0,3,0,1
0,0,0,0,0,0,0,0,2,0,0,0,0,0,0,1
0,0,0,0,0,1,0,0,3,0,0,0,0,0,0,1
0,0,0,0,0,1,0,1,0,0,0,0,0,2,0,1
0,0,0,1,0,0,3,0,4,0,1,0,1,1,0,0
6,0,0,0,0,0,0,0,0,1,0,0,0,1,0,0
4,0,0,1,0,2,0,0,1,2,3,0,0,2,2,0
0,1,3,3,3,1,1,1,0,0,0,0,0,1,0,1
8,0,1,0,0,0,2,1,1,0,1,0,0,0,1,0
2,1,0,2,0,0,0,1,2,0,0,0,0,2,3,1
4,1,0,1,1,2,1,0,5,0,1,0,0,0,0,0
0,0,0,0,0,1,0,0,1,0,1,0,2,1,0,1
2,0,0,0,0,0,1,0,4,0,3,0,0,0,0,0
2,0,2,2,0,0,3,1,4,0,1,0,0,1,0,0
14,0,2,0,1,1,1,0,1,1,3,0,0,0,0,1
0,1,0,6,0,1,2,0,0,0,1,1,0,0,1,1
8,1,2,0,2,2,0,0,9,1,6,3,0,1,0,0
12,0,1,2,2,0,1,0,6,0,1,0,0,0,0,0
14,1,4,21,0,2,3,3,0,2,2,0,2,0,2,1
